100
4 2
5 2
6 2
1000 1000
1000 1
500 256
748 589
999 506
500 255
1000 301
500 499
637 636
5 1
500 109
999 512
500 116
1000 511
1000 128
500 248
999 498
653 559
500 251
999 1
488 470
1000 489
1000 2
500 2
806 766
500 1
1000 499
858 786
3 2
406 341
1 1
612 497
705 543
999 2
445 377
994 916
999 255
385 317
369 332
261 203
500 128
500 500
818 696
595 498
369 292
999 473
500 249
1000 256
806 632
458 354
297 276
999 127
500 250
818 645
458 368
4 1
999 497
1000 498
2 1
999 488
1000 488
588 532
1000 999
999 487
999 256
362 347
500 222
1000 500
500 244
596 499
328 262
748 712
992 902
272 243
500 127
500 117
999 999
999 511
500 245
526 454
692 669
717 698
3 1
1000 512
1000 127
999 128
392 363
971 760
892 866
279 260
889 741
936 810
1000 255
999 499
703 562
999 998
2 2
